%YAML:1.0
rotation: !!opencv-matrix
   rows: 3
   cols: 3
   dt: d
   data: [ 9.9995587081322079e-01, -8.0690120769198754e-03,
       4.8111817961646050e-03, 8.0693702520128457e-03,
       9.9996744058716447e-01, -5.5039001337879432e-05,
       -4.8105810365437806e-03, 9.3859779774492979e-05,
       9.9998842468322235e-01 ]
translation: !!opencv-matrix
   rows: 3
   cols: 1
   dt: d
   data: [ -5.1454761645071526e-02, 1.4280634350080997e-03,
       -1.1712752832658805e-02 ]
essential: !!opencv-matrix
   rows: 3
   cols: 3
   dt: d
   data: [ 8.7644724397604608e-05, 1.1712505510023400e-02,
       1.4274022465026338e-03, -1.1959763259011014e-02,
       9.9339876657056808e-05, 5.1397813856694306e-02,
       -1.8432079386731955e-03, -5.1441563247141081e-02,
       -4.0386541072559061e-06 ]
fundamental: !!opencv-matrix
   rows: 3
   cols: 3
   dt: d
   data: [ 5.5525409869406797e-08, 7.4329206807913474e-06,
       -1.2653265319467642e-03, -7.5739486574702170e-06,
       6.3018358577257285e-08, 1.4025322154835857e-02,
       2.9440852955182825e-03, -4.1279174826860082e-02, 1. ]
