%YAML:1.0
depthShift: 5.8322207992330521e-01
