%YAML:1.0
cameraMatrix: !!opencv-matrix
   rows: 3
   cols: 3
   dt: d
   data: [ 1.0505423887267980e+03, 0., 9.3482997575938384e+02, 0.,
       1.0509445445845993e+03, 5.5753427985928613e+02, 0., 0., 1. ]
distortionCoefficients: !!opencv-matrix
   rows: 1
   cols: 5
   dt: d
   data: [ 4.3886104798785963e-02, -4.6002868210366941e-02,
       6.1031442862128163e-04, 4.0666812468321395e-04,
       6.0194548036842837e-03 ]
rotation: !!opencv-matrix
   rows: 3
   cols: 3
   dt: d
   data: [ 1., 0., 0., 0., 1., 0., 0., 0., 1. ]
projection: !!opencv-matrix
   rows: 4
   cols: 4
   dt: d
   data: [ 1.0505423887267980e+03, 0., 9.3482997575938384e+02, 0., 0.,
       1.0509445445845993e+03, 5.5753427985928613e+02, 0., 0., 0., 1.,
       0., 0., 0., 0., 1. ]
