%YAML:1.0
cameraMatrix: !!opencv-matrix
   rows: 3
   cols: 3
   dt: d
   data: [ 3.7179483904614710e+02, 0., 2.5575050303555662e+02, 0.,
       3.7115871303343374e+02, 2.1355532992654253e+02, 0., 0., 1. ]
distortionCoefficients: !!opencv-matrix
   rows: 1
   cols: 5
   dt: d
   data: [ 9.5047897981356350e-02, -2.5009513786894566e-01,
       -7.6624788985312853e-04, 2.3065787751646500e-03,
       5.3686554542086158e-02 ]
rotation: !!opencv-matrix
   rows: 3
   cols: 3
   dt: d
   data: [ 1., 0., 0., 0., 1., 0., 0., 0., 1. ]
projection: !!opencv-matrix
   rows: 4
   cols: 4
   dt: d
   data: [ 3.7179483904614710e+02, 0., 2.5575050303555662e+02, 0., 0.,
       3.7115871303343374e+02, 2.1355532992654253e+02, 0., 0., 0., 1.,
       0., 0., 0., 0., 1. ]
