%YAML:1.0
calib0:
   translation:
      x: 7.0939529596120288e-01
      y: 4.0325796706947956e-02
      z: 1.7923025284417898e-01
   quantornion:
      x: 6.5733381971115168e-02
      y: 8.6031642238951134e-01
      z: 8.6239155320624414e-02
      w: 4.9809395092807218e-01
calib1:
   translation:
      x: 7.0871221491353009e-01
      y: 4.0256298409607219e-02
      z: 2.0613468456814971e-01
   quantornion:
      x: 6.2950088624758760e-02
      y: 8.2383416556681854e-01
      z: 9.6100476591815726e-02
      w: 5.5506689001037068e-01
calib2:
   translation:
      x: 6.9830644336121095e-01
      y: 1.0143358131540965e-01
      z: 2.0613468456814971e-01
   quantornion:
      x: 2.4407459586732092e-03
      y: 8.2623210345048093e-01
      z: 1.3649724648334610e-01
      w: 5.4653733238400448e-01
calib3:
   translation:
      x: 6.6784704905623360e-01
      y: 1.8551896666938839e-01
      z: 2.0613468456814971e-01
   quantornion:
      x: -8.4785692772075358e-02
      y: 8.2187397593195521e-01
      z: 1.9342436685871259e-01
      w: 5.2907614602462028e-01
calib4:
   translation:
      x: 6.6820206862402354e-01
      y: 1.8572989966382814e-01
      z: 2.0190408927894885e-01
   quantornion:
      x: 7.0490789571597753e-03
      y: 8.2924245692665011e-01
      z: 2.4903556153280862e-01
      w: 5.0028846399667004e-01
calib5:
   translation:
      x: 6.8910232662275561e-01
      y: 1.3426248221888315e-01
      z: 2.0314027365434026e-01
   quantornion:
      x: -2.5038740246223090e-01
      y: 7.8964086771341824e-01
      z: 8.5142442748489325e-03
      w: 5.6009013236214489e-01
calib6:
   translation:
      x: 6.7916846284886878e-01
      y: 1.3080950505771771e-01
      z: 2.0352901104722571e-01
   quantornion:
      x: -2.6511499431208252e-01
      y: 8.3644366716121787e-01
      z: 7.2000052039993085e-03
      w: 4.7960837292718383e-01
calib7:
   translation:
      x: 6.7705156090242991e-01
      y: -2.4387503057805224e-02
      z: 2.6008458346593338e-01
   quantornion:
      x: -9.7714683599255364e-02
      y: 8.4761291547864048e-01
      z: -9.1943301990466575e-02
      w: 5.1337181003828691e-01
calib8:
   translation:
      x: 6.1048046812345624e-01
      y: 9.0864171707177116e-02
      z: 3.1226148976095591e-01
   quantornion:
      x: -7.1174772994531482e-02
      y: 8.1480438227566143e-01
      z: 1.0679946369958390e-01
      w: 5.6535108107001641e-01
calib9:
   translation:
      x: 5.6980162269609680e-01
      y: 6.3786957622806006e-02
      z: 3.6453984159381653e-01
   quantornion:
      x: -5.1569057051810245e-02
      y: 8.4312798795942523e-01
      z: 8.5670727510123793e-02
      w: 5.2833356388002140e-01
calib10:
   translation:
      x: 5.8117153952834322e-01
      y: 6.6348371883289473e-02
      z: 3.2673680091247054e-01
   quantornion:
      x: -5.4809245546857434e-02
      y: 8.9617747345950860e-01
      z: 7.0472745567735542e-02
      w: 4.3462107035722669e-01
calib11:
   translation:
      x: 5.8722951508828714e-01
      y: 2.8311927778814545e-02
      z: 3.2673399288513422e-01
   quantornion:
      x: 1.4910245108051806e-01
      y: 8.8538849443650691e-01
      z: 1.1355638057604221e-01
      w: 4.2539466549512139e-01
calib12:
   translation:
      x: 5.4887697491462806e-01
      y: 1.4953512337040906e-01
      z: 3.2673128867577889e-01
   quantornion:
      x: -1.7827990727510540e-01
      y: 8.7997987600600835e-01
      z: 1.3805729398831915e-01
      w: 4.1808118357928142e-01
calib13:
   translation:
      x: 5.1763101147583512e-01
      y: 1.1426825660121090e-01
      z: 3.8417909931891081e-01
   quantornion:
      x: -1.4294416706314875e-01
      y: 8.2863672160062607e-01
      z: 1.5434239592117266e-01
      w: 5.1875482989452837e-01
calib14:
   translation:
      x: 5.6903913420749341e-01
      y: 1.8031432609790048e-02
      z: 3.5479586198574115e-01
   quantornion:
      x: 2.3786010743295179e-02
      y: 8.7242679477160934e-01
      z: 4.4411825735688255e-02
      w: 4.8614123790548680e-01
calib15:
   translation:
      x: 5.9891037477971987e-01
      y: 2.5861885695567934e-02
      z: 3.0586031501136562e-01
   quantornion:
      x: 1.6263587415056815e-02
      y: 9.1382270712800795e-01
      z: 4.0721385628655168e-02
      w: 4.0373917869599196e-01
num: 16
