%YAML:1.0
camera_matrix: !!opencv-matrix
   rows: 3
   cols: 3
   dt: d
   data: [ 9.2748057400000005e+02, 0., 6.3471689900000001e+02, 0.,
       9.2732386699999995e+02, 3.5674209800000000e+02, 0., 0., 1. ]
distortion_coefficients: [ 5.6980999999999997e-02,
    -2.5164399999999998e-01, -5.2200000000000000e-04,
    3.3170000000000001e-03, 0. ]
reprojErrs: [ 3.88530701e-01, 1.17775820e-01, 4.83988672e-01,
    4.30982143e-01, 3.05717945e-01, 1.58434719e-01, 1.11523189e-01,
    6.72674954e-01, 3.96444440e-01 ]
totalAvgErr: 3.8376498631618955e-01
rvecs:
   - 1.8352563185739881e-02
   - -3.7151441118796313e-02
   - -2.6239919170522708e-01
   - 2.5264474775092645e-02
   - 9.0284541254756920e-02
   - -2.2466309642560736e-01
   - 4.1591248829818551e-02
   - 2.5833914805057828e-01
   - -1.6712175145216093e-01
   - 9.2713363304478685e-02
   - 2.3483703013652943e-01
   - -3.8459470976318488e-01
   - -9.8129441701817702e-03
   - 2.2550833379846152e-01
   - 3.2939618536071008e-01
   - -2.2128662640266177e-02
   - 1.4821571341213019e-01
   - -6.8034761163065408e-02
   - 7.3386416077506220e-02
   - 9.1234577146650397e-02
   - -7.2283590871727657e-02
   - 2.8476056034460673e-01
   - 3.4182914492260641e-01
   - 4.1834996612971007e-02
   - 7.2691876544427270e-02
   - 2.9102579382137128e-01
   - -2.5724258630413707e-02
tvecs:
   - -2.8042551686113937e-01
   - 5.0008334171002249e-02
   - 5.7536990926775577e-01
   - -1.3399332485607771e-01
   - 5.5598273659755604e-03
   - 6.0445711295714855e-01
   - 8.1406081862575169e-02
   - -4.8880590162801503e-02
   - 6.0650687762751909e-01
   - 3.1080720848296686e-02
   - -7.3578006236260235e-02
   - 6.0421070124060572e-01
   - 4.0387245883612803e-02
   - -2.2298985325573402e-02
   - 6.0908664841053939e-01
   - -6.8138867759301461e-02
   - 9.2030492944709427e-02
   - 7.2267349049464658e-01
   - -1.2622180175850636e-01
   - 6.0913601936742702e-02
   - 7.7570514919908984e-01
   - 1.6187189090361156e-01
   - -1.6573588576788661e-01
   - 7.2017123441032715e-01
   - 1.2317490644928464e-01
   - 5.3654987927413765e-02
   - 8.1442722250479438e-01
effector_to_camera:
   translation:
      x: -7.5164387319506420e-02
      y: 2.1689006508154736e-03
      z: 1.4670312913880920e-02
   quantornion:
      x: 4.9390509631888214e-02
      y: -3.6735605415791392e-02
      z: -7.1154798339042602e-01
      w: 6.9993609721606420e-01
